4
5
6
7
8
9
10
11
15
16
17
18
22
23
25
26
28
29
31
32
34
36
37
39
40
41
42
43
44
45
46
48
49
51
55
56
57
58
59
62
63
64
65
66
67
68
70
71
72
73
74
76
110
112
113
114
115
116
118
119
122
126
127
128
129
130
131
132
133
134
135
136
137
138
139
140
141
142
143
144
145
146
147
148
149
150
151
152
153
154
155
156
157
158
159
160
161
166
167
168
169
170
171
173
176
177
178
179
180
181
183
184
185
186
187
189
190
191
192
194
195
196
197
198
199
200
203
204
205
206
207
208
209
210
211
212
213
214
215
216
217
218
219
221
222
223
224
225
226
227
228
229
230
232
233
234
235
236
237
238
239
240
241
243
244
246
247
248
249
250
252
253
255
256
257
258
259
260
292
295
296
297
300
301
302
303
304
305
306
307
308
309
310
311
312
313
314
315
316
317
318
319
320
321
322
323
324
325
327
328
329
330
332
333
335
336
337
338
339
340
341
342
343
344
345
349
350
351
354
355
356
357
358
360
361
362
364
365
367
368
369
370
373
375
376
377
378
381
382
383
384
385
386
387
390
391
392
393
394
397
401
402
403
405
406
409
410
411
413
414
415
417
418
420
421
422
423
426
427
428
431
432
433
434
435
437
438
439
441
443
445
447
448
449
454
456
457
458
459
460
461
463
464
465
466
467
469
472
474
475
476
477
478
479
481
483
484
485
486
488
489
490
491
492
494
495
496
497
498
499
500
502
503
504
505
506
507
509
510
511
512
513
514
515
516
518
519
520
522
523
524
525
526
527
528
532
533
534
535
537
538
539
540
541
545
546
547
549
550
551
552
554
555
556
557
558
559
560
561
562
563
564
565
566
567
568
569
570
571
572
573
574
575
577
578
579
580
581
582
583
584
585
586
587
588
589
592
593
594
595
596
597
598
599
600
601
602
603
604
605
606
607
608
610
611
612
613
614
615
616
618
619
620
621
622
623
624
625
626
627
628
629
630
631
632
633
634
635
636
637
638
640
641
642
643
645
646
647
648
650
651
652
653
654
655
657
658
659
660
661
662
663
664
665
666
667
668
670
671
672
674
675
676
677
679
681
683
684
685
686
689
690
691
692
693
694
695
697
698
699
700
702
703
705
706
707
708
711
712
713
714
715
716
717
750
751
752
754
755
756
757
758
759
763
764
765
766
768
769
771
772
773
774
775
776
779
780
781
784
785
786
787
788
789
790
791
794
795
796
798
799
800
801
802
803
804
805
806
807
809
810
812
813
814
815
816
818
820
821
822
823
824
825
826
827
829
831
832
835
836
837
838
840
841
842
845
846
847
848
849
850
851
852
853
854
855
856
857
858
859
860
861
862
864
865
866
867
868
869
870
872
874
875
876
877
878
879
880
881
882
883
884
885
886
888
889
890
891
892
893
894
895
896
899
901
902
903
904
905
906
907
908
909
910
912
914
916
918
919
920
921
922
923
927
928
929
931
933
935
936
939
940
941
942
943
946
947
948
949
951
952
953
954
955
956
957
959
960
961
962
963
964
965
967
968
969
970
971
972
973
974
975
976
977
978
979
980
981
982
983
984
985
986
987
989
990
991
993
994
995
996
998
999
1000
1001
1002
1003
1004
1005
1006
1007
1008
1009
1010
1011
1012
1014
1015
1016
1018
1022
1023
1025
1026
1027
1028
1029
1030
1031
1032
1033
1034
1035
1037
1038
1039
1042
1043
1045
1047
1049
1050
1051
1052
1053
1054
1055
1056
1058
1059
1060
1061
1062
1063
1064
1065
1066
1067
1068
1069
1070
1071
1072
1073
1074
1075
1076
1077
1078
1079
1081
1082
1083
1085
1086
1087
1088
1089
1092
1093
1094
1098
1101
1102
1103
1105
1106
1107
1108
1109
1110
1111
1112
1113
1114
1115
1116
1117
1118
1119
1120
1121
1122
1123
1124
1125
1127
1128
1129
1130
1131
1132
1133
1134
1136
1137
1139
1140
1141
1142
1143
1144
1145
1146
1147
1149
1150
1151
1152
1153
1154
1155
1157
1158
1159
1160
1161
1163
1164
1165
1166
1167
1168
1170
1172
1174
1175
1176
1177
1178
1179
1180
1181
1182
1183
1184
1186
1187
1188
1189
1190
1191
1192
1193
1196
1197
1198
1199
1200
1201
1203
1204
1205
1207
1209
1210
1211
1212
1213
1214
1215
1216
1217
1218
1219
1220
1221
1224
1225
1226
1227
1229
1230
1231
1232
1233
1234
1235
1236
1237
1238
1239
1240
1241
1242
1243
1245
1247
1248
1249
1250
1252
1253
1254
1255
1258
1259
1261
1264
1265
1266
1267
1268
1269
1270
1271
1272
1273
1274
1277
1278
1279
1280
1283
1284
1286
1287
1288
1289
1290
1291
1292
1293
1294
1296
1297
1298
1299
1300
1301
1302
1303
1304
1305
1307
1309
1310
1311
1313
1314
1315
1316
1317
1318
1319
1320
1321
1322
1324
1326
1327
1328
1331
1332
1333
1334
1335
1336
1337
1338
1339
1340
1341
1342
1343
1344
1345
1346
1347
1348
1349
1350
1351
1352
1353
1354
1355
1356
1358
1359
1360
1361
1362
1363
1364
1365
1366
1367
1368
1369
1370
1371
1372
1373
1374
1375
1377
1378
1379
1381
1382
1383
1384
1385
1386
1387
1388
1389
1390
1391
1392
1393
1394
1395
1396
1397
1398
1399
1409
1410
1411
1412
1413
1415
1416
1417
1418
1419
1420
1421
1422
1423
1424
1425
1426
1427
1428
1430
1431
1432
1433
1434
1435
1437
1438
1442
1443
1445
1447
1448
1449
1451
1452
1453
1454
1455
1456
1457
1458
1459
1460
1461
1462
1463
1464
1465
1467
1469
1470
1472
1473
1474
1475
1476
1477
1478
1479
1481
1482
1483
1484
1488
1490
1491
1492
1495
1496
1498
1501
1502
1503
1505
1506
1507
1508
1510
1512
1513
1514
1515
1516
1517
1518
1519
1520
1521
1522
1523
1526
1528
1529
1530
1531
1532
1533
1536
1537
1538
1539
1540
1541
1542
1544
1545
1546
1547
1549
1550
1552
1553
1554
1555
1556
1557
1558
1559
1560
1561
1562
1563
1566
1568
1569
1570
1571
1572
1574
1575
1576
1577
1578
1579
1580
1581
1582
1583
1584
1585
1587
1588
1589
1591
1592
1593
1594
1595
1596
1597
1598
1599
1600
1601
1602
1603
1604
1608
1610
1611
1612
1613
1614
1615
1616
1617
1618
1619
1621
1622
1623
1624
1625
1626
1627
1628
1629
1630
1631
1632
1633
1636
1637
1638
1639
1640
1642
1643
1644
1645
1646
1647
1648
1650
1651
1652
1653
1654
1656
1657
1659
1661
1662
1663
1664
1665
1666
1667
1668
1669
1670
1678
1679
1681
1683
1687
1688
1689
1690
1692
1693
1694
1695
1696
1698
1699
1700
1702
1703
1704
1705
1707
1708
1709
1710
1711
1712
1713
1714
1715
1716
1717
1718
1720
1721
1722
1723
1724
1725
1726
1727
1728
1729
1730
1731
1732
1733
1734
1735
1736
1737
1738
1739
1740
1741
1774
1775
1776
1777
1778
1779
1780
1781
1782
1783
1784
1785
1786
1787
1788
1789
1790
1791
1792
1793
1794
1795
1796
1797
1799
1800
1801
1802
1803
1805
1806
1807
1808
1809
1815
1818
1820
1821
1822
1823
1824
1858
1861
1865
1866
1867
1868
1869
1870
1871
1872
1873
1874
1876
1877
1878
1881
1882
1883
1886
1887
1888
1889
1891
1892
1894
1895
1896
1897
1898
1899
1901
1902
1903
1905
1906
1907
1909
1910
1911
1912
1913
1914
1915
1917
1918
1920
1921
1922
1925
1926
1927
1928
1929
1930
1931
1932
1933
1934
1935
1936
1937
1938
1939
1940
1942
1945
1946
1947
1948
1949
1950
1951
1953
1954
1955
1956
1957
1958
1959
1960
1961
1962
1963
1964
1966
1967
1968
1969
1973
1974
1975
1976
1977
1978
1980
1981
1982
1983
1984
1985
1986
1987
1988
1991
1993
1994
1995
1996
1998
2000
2002
2005
2006
2007
2008
2009
2010
2011
2012
2013
2014
2015
2016
2018
2019
2020
2022
2025
2026
2027
2028
2029
2030
2031
2032
2033
2035
2036
2038
2039
2042
2043
2044
2045
2046
2047
2048
2049
2050
2051
2052
2053
2055
2056
2057
2058
2060
2062
2063
2065
2066
2067
2069
2070
2072
2074
2075
2076
2077
2079
2081
2082
2084
2085
2086
2087
2089
2090
2091
2092
2094
2095
2096
2097
2098
2101
2102
2103
2104
2105
2106
2107
2108
2109
2110
2111
2112
2113
2115
2116
2117
2118
2120
2121
2122
2123
2124
2125
2127
2128
2130
2131
2133
2134
2135
2136
2137
2138
2139
2142
2143
2145
2146
2149
2150
2153
2154
2155
2157
2159
2161
2162
2164
2165
2166
2167
2168
2170
2171
2172
2173
2174
2175
2176
2177
2178
2179
2180
2181
2182
2183
2185
2186
2187
2189
2190
2191
2193
2195
2196
2197
2198
2199
2200
2201
2202
2203
2204
2205
2206
2208
2209
2210
2213
2214
2215
2216
2217
2219
2220
2230
2231
2232
2233
2235
2237
2238
2239
2240
2241
2242
2243
2244
2245
2246
2247
2250
2251
2252
2253
2254
2256
2257
2258
2261
2262
2263
2264
2265
2266
2267
2268
2269
2270
2271
2272
2273
2275
2276
2277
2278
2279
2282
2283
2284
2285
2286
2287
2288
2289
2290
2291
2292
2293
2294
2295
2298
2299
2301
2302
2303
2304
2305
2306
2310
2311
2312
2313
2314
2315
2317
2320
2321
2322
2325
2326
2328
2329
2330
2331
2332
2334
2335
2336
2337
2338
2339
2341
2342
2343
2344
2345
2346
2347
2348
2349
2351
2352
2353
2354
2356
2357
2358
2359
2360
2361
2362
2363
2365
2366
2368
2369
2370
2371
2373
2375
2376
2377
2378
2379
2380
2381
2382
2383
2384
2387
2388
2390
2391
2392
2393
2394
2395
2396
2397
2398
2401
2402
2404
2405
2407
2409
2410
2411
2413
2414
2415
2416
2417
2419
2420
2421
2422
2423
2424
2425
2426
2428
2429
2430
2431
2432
2433
2434
2435
2436
2437
2438
2439
2440
2441
2442
2443
2444
2446
2447
2448
2449
2450
2451
2453
2454
2455
2456
2458
2459
2460
2461
2462
2463
2464
2465
2466
2467
2468
2470
2471
2472
2473
2474
2475
2476
2477
2478
2479
2480
2481
2482
2483
2484
2486
2487
2488
2490
2492
2493
2494
2495
2497
2499
2500
2501
2502
2504
2505
2506
2507
2508
2510
2511
2512
2513
2514
2515
2516
2517
2518
2519
2520
2522
2523
2524
2525
2527
2528
2529
2530
2531
2532
2533
2534
2537
2538
2539
2540
2541
2542
2543
2545
2546
2547
2548
2549
2550
2551
2553
2554
2555
2556
2557
2558
2559
2561
2562
2563
2564
2565
2566
2567
2568
2569
2570
2571
2572
2573
2575
2576
2577
2579
2580
2581
2583
2586
2587
2588
2589
2590
2591
2593
2594
2595
2596
2597
2598
2599
2603
2604
2605
2606
2607
2608
2609
2610
2611
2612
2613
2614
2615
2616
2617
2618
2620
2623
2624
2625
2626
2628
2629
2630
2631
2634
2637
2638
2639
2640
2641
2643
2644
2646
2647
2648
2650
2651
2652
2653
2654
2655
2656
2657
2658
2659
2660
2662
2663
2664
2666
2667
2668
2669
2670
2671
2672
2673
2674
2675
2677
2678
2679
2680
2682
2683
2685
2686
2687
2688
2689
2690
2691
2692
2693
2695
2698
2699
2700
2702
2704
2706
2707
2708
2709
2710
2713
2714
2715
2716
2717
2718
2719
2721
2722
2723
2724
2725
2727
2728
2731
2732
2733
2734
2735
2736
2737
2738
2739
2741
2742
2744
2748
2750
2751
2752
2754
2757
2758
2759
2760
2761
2762
2763
2764
2765
2767
2768
2769
2770
2771
2772
2773
2774
2775
2776
2777
2780
2781
2782
2783
2784
2785
2787
2788
2789
2793
2794
2796
2797
2798
2799
2800
2801
2802
2803
2804
2806
2807
2808
2810
2812
2813
2815
2819
2821
2823
2824
2825
2826
2827
2828
2829
2831
2832
2833
2835
2837
2838
2839
2840
2841
2842
2843
2844
2845
2846
2848
2849
2850
2851
2852
2855
2858
2859
2860
2861
2863
2864
2865
2866
2868
2869
2870
2871
2872
2873
2874
2876
2877
2878
2879
2880
2884
2885
2886
2887
2888
2889
2891
2893
2894
2895
2898
2900
2901
2902
2906
2907
2908
2909
2910
2911
2912
2915
2916
2917
2918
2919
2922
2923
2924
2925
2926
2927
2928
2929
2932
2933
2934
2935
2936
2937
2939
2940
2941
2942
2943
2944
2946
2947
2948
2949
2950
2952
2954
2956
2957
2991
2992
2993
2994
2996
2998
2999
3000
3001
3004
3005
3006
3007
3008
3009
3010
3011
3012
3013
3014
3015
3016
3017
3018
3020
3021
3025
3027
3029
3030
3031
3032
3037
3038
3039
3040
3041
3042
3043
3046
3047
3048
3049
3050
3051
3052
3053
3054
3055
3057
3058
3059
3060
3061
3062
3063
3064
3065
3066
3067
3068
3072
3073
3074
3075
3076
3077
3078
3079
3080
3081
3082
3083
3084
3085
3090
3091
3092
3095
3098
3099
3100
3101
3102
3103
3104
3105
3106
3107
3108
3109
3110
3111
3113
3114
3117
3118
3124
3125
3127
3128
3129
3130
3131
3132
3133
3134
3135
3137
3138
3139
3140
3141
3143
3144
3145
3146
3147
3148
3149
3150
3151
3152
3153
3154
3155
3157
3158
3159
3161
3163
3164
3165
3167
3168
3169
3173
3175
3178
3179
3180
3181
3183
3185
3186
3187
3188
3189
3190
3191
3192
3193
3195
3198
3201
3202
3204
3205
3208
3209
3210
3213
3214
3216
3217
3218
3219
3222
3223
3224
3225
3226
3232
3233
3234
3235
3236
3237
3238
3239
3240
3241
3242
3244
3245
3246
3248
3249
3250
3251
3253
3255
3256
3258
3259
3262
3265
3266
3268
3269
3270
3271
3272
3273
3274
3276
3278
3279
3280
3281
3282
3283
3284
3285
3287
3288
3291
3292
3294
3295
3298
3299
3300
3301
3302
3303
3305
3306
3307
3308
3309
3310
3312
3313
3314
3315
3316
3317
3318
3319
3320
3322
3323
3324
3325
3326
3327
3328
3329
3330
3333
3334
3336
3337
3340
3342
3343
3344
3345
3346
3347
3349
3350
3351
3352
3354
3355
3356
3358
3359
3361
3363
3364
3365
3366
3367
3368
3369
3370
3371
3372
3373
3375
3376
3377
3379
3380
3381
3382
3383
3384
3385
3386
3387
3389
3390
3391
3393
3394
3396
3398
3399
3400
3401
3402
3403
3404
3405
3406
3407
3410
3411
3412
3413
3414
3417
3418
3420
3421
3422
3424
3426
3428
3429
3430
3436
3437
3439
3440
3441
3442
3443
3444
3446
3447
3448
3450
3451
3452
3453
3454
3457
3459
3460
3462
3463
3464
3465
3466
3468
3471
3472
3475
3477
3478
3479
3481
3484
3485
3487
3488
3489
3490
3491
3492
3494
3495
3496
3497
3498
3500
3501
3502
3503
3504
3505
3506
3507
3509
3510
3512
3514
3515
3516
3518
3520
3521
3522
3525
3526
3527
3528
3529
3530
3531
3533
3534
3535
3536
3537
3538
3539
3540
3541
3542
3543
3544
3546
3547
3548
3550
3552
3553
3555
3557
3558
3560
3562
3563
3564
3565
3566
3567
3568
3569
3570
3571
3572
3574
3575
3576
3577
3579
3580
3581
3582
3583
3584
3585
3592
3593
3594
3595
3596
3597
3598
3599
3600
3601
3602
3605
3606
3608
3609
3611
3613
3614
3615
3616
3618
3619
3621
3622
3623
3624
3625
3626
3627
3628
3632
3635
3641
3642
3643
3644
3648
3649
3651
3655
3656
3658
3662
3663
3664
3665
3667
3668
3671
3678
3680
3681
3682
3683
3684
3686
3687
3688
3689
3695
3696
3700
3701
3702
3703
3705
3706
3707
3708
3709
3710
3711
3713
3714
3715
3717
3718
3719
3720
3721
3722
3723
3724
3725
3726
3727
3728
3729
3730
3731
3732
3733
3736
3739
3743
3744
3745
3747
3748
3749
3752
3753
3754
3755
3756
3757
3758
3759
3760
3761
3763
3764
3765
3766
3767
3768
3769
3770
3772
3773
3774
3775
3776
3777
3778
3779
3780
3781
3782
3783
3784
3785
3787
3788
3789
3791
3792
3793
3794
3796
3799
3800
3802
3803
3806
3807
3808
3809
3810
3812
3813
3814
3815
3817
3818
3819
3820
3821
3822
3823
3824
3825
3826
3827
3828
3829
3830
3831
3832
3834
3835
3837
3838
3839
3841
3842
3843
3844
3846
3847
3848
3850
3852
3854
3855
3856
3857
3858
3859
3860
3862
3863
3864
3868
3869
3870
3875
3877
3878
3881
3882
3883
3884
3885
3889
3890
3891
3892
3893
3895
3896
3897
3898
3900
3901
3902
3903
3904
3905
3908
3912
3913
3914
3916
3917
3918
3919
3920
3921
3922
3923
3924
3925
3927
3928
3930
3932
3933
3934
3935
3936
3937
3939
3940
3941
3942
3943
3944
3945
3947
3948
3949
3950
3951
3952
3953
3954
3955
3957
3958
3959
3960
3961
3962
3964
3965
3967
3969
3971
3972
3974
3975
3976
3978
3979
3980
3981
3982
3983
3984
3986
3987
3988
3989
3990
3991
3992
3993
3994
3995
3996
3997
4000
4001
4002
4003
4004
4005
4006
4010
4011
4012
4014
4015
4016
4017
4019
4021
4023
4024
4025
4026
4027
4028
4029
4030
4031
4032
4033
4034
4035
4036
4037
4038
4040
4041
4042
4043
4044
4048
4049
4051
4052
4056
4058
4059
4060
4061
4062
4064
4066
4067
4068
4069
4072
4073
4074
4077
4079
4080
4082
4083
4085
4086
4087
4088
4089
4090
4091
4092
4093
4094
4095
4096
4098
4099
4100
4101
4102
4103
4104
4107
4108
4110
4111
4112
4113
4114
4115
4116
4121
4122
4123
4124
4125
4126
4127
4129
4130
4131
4132
4133
4134
4135
4136
4137
4138
4139
4141
4143
4145
4147
4148
4149
4151
4152
4153
4154
4156
4157
4158
4159
4160
4161
4162
4163
4165
4167
4168
4169
4170
4171
4174
4175
4177
4178
4181
4182
4184
4185
4186
4188
4189
4190
4191
4192
4193
4194
4196
4198
4199
4201
4202
4203
4204
4205
4206
4208
4209
4210
4211
4212
4213
4214
4217
4219
4222
4223
4224
4225
4226
4227
4228
4229
4230
4232
4233
4235
4236
4237
4238
4239
4241
4242
4243
4245
4247
4248
4253
4254
4258
4259
4260
4261
4262
4264
4266
4267
4268
4270
4271
4272
4273
4274
4275
4276
4278
4280
4281
4282
4285
4286
4287
4289
4290
4291
4293
4296
4297
4298
4299
4300
4301
4302
4304
4305
4306
4307
4308
4309
4312
4313
4315
4316
4318
4319
4352
4353
4355
4356
4358
4360
4362
4364
4365
4367
4368
4369
4370
4372
4373
4374
4377
4378
4379
4380
4381
4382
4383
4385
4386
4387
4388
4389
4390
4392
4393
4395
4396
4398
4399
4400
4401
4402
4404
4405
4406
4407
4408
4410
4411
4412
4413
4414
4415
4417
4419
4421
4422
4423
4424
4425
4429
4430
4431
4433
4434
4436
4437
4439
4440
4442
4443
4446
4448
4449
4450
4451
4452
4453
4454
4456
4457
4458
4459
4460
4461
4463
4465
4466
4469
4470
4471
4472
4473
4474
4476
4478
4480
4481
4482
4483
4484
4485
4486
4490
4493
4494
4496
4497
4498
4500
4501
4504
4508
4509
4510
4511
4512
4513
4518
4519
4520
4521
4522
4525
4527
4529
4531
4533
4536
4537
4538
4539
4541
4542
4543
4544
4546
4547
4548
4549
4552
4553
4554
4557
4558
4559
4560
4561
4562
4563
4565
4566
4567
4568
4569
4570
4571
4572
4574
4581
4582
4583
4584
4586
4587
4588
4589
4590
4591
4595
4596
4597
4599
4600
4602
4603
4605
4606
4607
4609
4610
4612
4613
4614
4617
4618
4619
4620
4621
4622
4623
4624
4625
4626
4659
4660
4662
4663
4664
4665
4666
4667
4668
4669
4670
4673
4674
4675
4676
4679
4681
4682
4683
4684
4685
4689
4691
4693
4695
4696
4698
4699
4700
4702
4703
4704
4706
4708
4709
4710
4711
4712
4714
4716
4717
4722
4723
4727
4729
4730
4731
4732
4733
4736
4737
4738
4739
4741
4742
4743
4745
4746
4747
4748
4750
4751
4753
4755
4757
4758
4759
4760
4761
4762
4763
4764
4765
4766
4767
4769
4771
4773
4775
4776
4778
4780
4781
4782
4783
4785
4787
4788
4789
4790
4791
4792
4793
4794
4796
4797
4798
4799
4801
4802
4803
4804
4805
4807
4808
4810
4811
4812
4814
4815
4816
4818
4820
4821
4822
4823
4825
4826
4827
4828
4860
4862
4863
4865
4866
4868
4869
4870
4871
4872
4874
4875
4876
4877
4879
4880
4881
4883
4884
4887
4888
4890
4892
4893
4896
4897
4898
4899
4900
4901
4902
4903
4904
4905
4906
4910
4912
4919
4920
4921
4922
4923
4924
4925
4927
4928
4929
4930
4931
4932
4934
4935
4936
4937
4938
4939
4941
4942
4943
4944
4950
4951
4953
4954
4956
4958
4959
4960
4961
4962
4963
4964
4965
4967
4968
4969
4970
4971
4973
4974
4975
4977
4978
4987
4994
4996
4997
4998
4999
5001
5003
5004
5005
5006
5007
5008
5009
5010
5011
5012
5013
5014
5015
5017
5018
5019
5021
5022
5023
5026
5027
5028
5030
5031
5032
5033
5034
5035
5036
5037
5038
5039
5041
5042
5043
5045
5046
5047
5048
5051
5052
5053
5054
5055
5056
5059
5062
5063
5064
5065
5067
5069
5070
5071
5075
5076
5077
5078
5080
5082
5083
5085
5087
5088
5090
5092
5093
5094
5095
5096
5097
5098
5099
5100
5101
5102
5107
5108
5109
5111
5112
5113
5114
5118
5122
5124
5125
5126
5127
5128
5129
5133
5134
5135
5136
5137
5138
5139
5140
5141
5142
5146
5147
5150
5151
5152
5153
5154
5155
5156
5157
5158
5159
5162
5164
5167
5168
5170
5171
5172
5173
5174
5175
5176
5177
5178
5179
5180
5181
5182
5183
5184
5185
5186
5187
5188
5189
5190
5191
5192
5193
5194
5196
5197
5198
5199
5200
5201
5202
5203
5204
5205
5206
5208
5209
5212
5214
5215
5216
5217
5218
5219
5222
5224
5225
5226
5227
5228
5229
5230
5231
5233
5234
5238
5239
5240
5243
5244
5245
5246
5247
5248
5249
5250
5251
5252
5253
5254
5255
5256
5257
5258
5260
5261
5262
5263
5264
5265
5266
5267
5268
5269
5270
5271
5272
5273
5274
5275
5276
5277
5279
5280
5281
5282
5283
5284
5285
5287
5289
5290
5291
5292
5293
5294
5295
5297
5299
5300
5301
5302
5303
5304
5305
5306
5307
5309
5310
5311
5312
5314
5315
5316
5317
5318
5319
5321
5323
5326
5327
5328
5330
5331
5332
5333
5334
5336
5337
5339
5341
5342
5343
5344
5345
5346
5350
5352
5353
5355
5358
5359
5360
5362
5363
5365
5366
5368
5369
5370
5372
5374
5375
5376
5377
5378
5379
5380
5381
5383
5384
5386
5387
5388
5389
5390
5391
5392
5393
5394
5395
5396
5397
5399
5402
5403
5405
5407
5408
5409
5410
5411
5412
5413
5414
5416
5417
5418
5419
5420
5421
5422
5423
5424
5425
5426
5427
5428
5429
5430
5432
5433
5434
5435
5437
5438
5439
5440
5441
5442
5444
5445
5449
5451
5452
5453
5454
5455
5456
5458
5459
5461
5462
5463
5464
5466
5467
5468
5469
5470
5471
5472
5473
5474
5476
5478
5479
5480
5481
5482
5483
5484
5485
5486
5487
5488
5489
5490
5491
5492
5493
5494
5495
5496
5499
5501
5502
5503
5504
5505
5506
5507
5509
5510
5511
5512
5513
5514
5515
5516
5517
5518
5519
5520
5521
5522
5523
5524
5525
5526
5527
5528
5529
5530
5531
5532
5533
5534
5535
5536
5537
5538
5540
5541
5543
5544
5546
5548
5549
5550
5551
5552
5554
5555
5556
5557
5559
5560
5562
5563
5565
5567
5568
5569
5571
5573
5574
5575
5577
5578
5579
5580
5581
5582
5583
5584
5585
5586
5587
5588
5593
5594
5595
5597
5599
5600
5601
5603
5604
5605
5606
5607
5608
5609
5611
5612
5613
5614
5615
5616
5617
5618
5619
5620
5621
5622
5623
5624
5625
5627
5628
5629
5630
5631
5632
5633
5634
5635
5636
5638
5641
5642
5643
5644
5645
5646
5647
5648
5649
5650
5651
5652
5653
5656
5657
5658
5659
5660
5661
5662
5663
5664
5665
5666
5668
5669
5670
5671
5674
5675
5676
5677
5679
5680
5681
5683
5684
5685
5687
5690
5691
5692
5693
5694
5695
5696
5698
5699
5701
5703
5705
5706
5707
5708
5709
5710
5711
5712
5713
5714
5715
5716
5717
5719
5720
5722
5723
5726
5727
5728
5729
5730
5731
5732
5733
5734
5735
5736
5737
5738
5740
5741
5742
5743
5744
5745
5746
5747
5749
5750
5751
5752
5753
5754
5755
5756
5757
5758
5759
5760
5761
5762
5763
5764
5765
5766
5767
5770
5771
5772
5774
5778
5779
5780
5781
5782
5784
5786
5787
5788
5789
5790
5792
5793
5794
5795
5796
5797
5799
5800
5801
5802
5804
5806
5807
5808
5809
5810
5812
5814
5815
5816
5817
5818
5819
5820
5821
5822
5823
5824
5825
5826
5828
5830
5831
5832
5833
5834
5835
5836
5837
5838
5839
5841
5843
5844
5845
5846
5847
5848
5850
5852
5853
5854
5855
5856
5858
5859
5860
5862
5863
5864
5865
5866
5867
5870
5872
5875
5876
5877
5878
5879
5880
5881
5883
5884
5885
5920
5923
5924
5925
5926
5929
5931
5932
5934
5935
5936
5938
5940
5941
5942
5943
5944
5945
5946
5948
5949
5950
5951
5952
5953
5954
5955
5960
5963
5964
5965
5966
5967
5968
5969
5970
5971
5972
5973
5974
5975
5976
5977
5979
5981
5983
5985
5986
5987
5988
5989
5990
5991
5992
5994
5995
5996
5997
6003
6004
6005
6006
6007
6010
6011
6012
6014
6015
6016
6018
6019
6020
6022
6023
6024
6025
6026
6027
6028
6030
6031
6032
6034
6035
6036
6037
6038
6039
6040
6042
6043
6044
6045
6046
6047
6048
6049
6050
6051
6052
6053
6086
6087
6088
6089
6090
6091
6092
6093
6095
6096
6097
6100
6101
6102
6103
6104
6105
6106
6107
6108
6109
6110
6112
6114
6115
6116
6118
6119
6120
6121
6122
6124
6125
6126
6129
6131
6132
6133
6134
6135
6137
6138
6139
6141
6143
6145
6146
6147
6148
6149
6151
6153
6155
6156
6158
6159
6160
6161
6162
6163
6164
6165
6166
6169
6170
6171
6172
6173
6174
6175
6176
6177
6178
6179
6180
6181
6182
6183
6184
6186
6187
6188
6189
6190
6191
6192
6193
6194
6195
6196
6197
6198
6199
6200
6201
6202
6203
6204
6206
6208
6209
6210
6211
6212
6215
6216
6217
6219
6220
6221
6222
6223
6224
6226
6227
6229
6230
6231
6233
6235
6236
6238
6239
6241
6242
6243
6244
6245
6246
6248
6249
6252
6253
6254
6255
6256
6257
6258
6259
6260
6261
6262
6263
6264
6265
6266
6267
6268
6269
6270
6271
6275
6276
6278
6279
6280
6281
6282
6284
6285
6287
6288
6289
6290
6292
6293
6294
6295
6296
6297
6299
6300
6301
6302
6303
6305
6307
6308
6309
6310
6311
6312
6314
6317
6318
6319
6320
6321
6322
6323
6324
6325
6326
6329
6330
6331
6332
6333
6334
6335
6336
6337
6338
6339
6340
6341
6342
6343
6344
6345
6346
6347
6348
6349
6350
6351
6353
6354
6355
6358
6360
6361
6362
6364
6366
6369
6371
6372
6373
6374
6376
6377
6378
6379
6380
6381
6383
6384
6385
6387
6391
6392
6394
6395
6396
6397
6398
6402
6404
6406
6407
6408
6409
6411
6412
6413
6414
6415
6416
6417
6418
6420
6421
6423
6424
6425
6426
6427
6428
6429
6430
6431
6432
6433
6434
6435
6436
6437
6439
6440
6441
6442
6443
6444
6445
6446
6447
6448
6449
6451
6452
6453
6454
6457
6458
6462
6463
6464
6465
6466
6468
6469
6470
6473
6474
6475
6476
6478
6479
6481
6482
6483
6484
6485
6486
6489
6490
6492
6493
6494
6495
6498
6500
6501
6502
6503
6504
6505
6506
6507
6509
6510
6511
6512
6513
6514
6515
6517
6519
6520
6521
6523
6524
6526
6527
6528
6529
6530
6531
6532
6533
6534
6535
6537
6538
6539
6540
6541
6542
6543
6544
6545
6546
6548
6549
6550
6551
6553
6555
6557
6560
6561
6562
6567
6569
6570
6572
6573
6575
6577
6578
6582
6583
6584
6585
6586
6587
6588
6589
6590
6592
6593
6595
6596
6599
6600
6603
6604
6605
6606
6607
6609
6610
6611
6613
6614
6615
6616
6617
6618
6620
6621
6622
6623
6624
6625
6626
6627
6630
6631
6632
6634
6635
6637
6638
6639
6640
6641
6642
6643
6644
6645
6646
6647
6648
6649
6650
6651
6652
6653
6654
6655
6656
6658
6659
6660
6663
6664
6665
6666
6667
6668
6670
6671
6672
6673
6674
6676
6679
6680
6681
6682
6683
6684
6685
6686
6687
6688
6689
6690
6691
6692
6693
6694
6695
6696
6697
6698
6699
